0:00	31	31	31	31
0:10	31	31	31	31
0:20	31	31	31	31
0:30	31	31	31	31
0:40	31	31	31	31
0:50	31	31	31	31
1:00	31	31	31	31
1:10	31	31	31	31
1:20	31	31	31	31
1:30	31	31	31	31
1:40	31	31	31	31
1:50	31	31	31	31
2:00	31	31	31	31
2:10	31	31	31	31
2:20	31	31	31	31
2:30	31	31	31	31
2:40	31	31	31	31
2:50	31	31	31	31
3:00	31	31	31	31
3:10	31	31	31	31
3:20	31	31	31	31
3:30	31	31	31	31
3:40	31	31	31	31
3:50	31	31	31	31
4:00	31	31	31	31
4:10	31	31	31	31
4:20	31	31	31	31
4:30	31	31	31	31
4:40	31	31	31	31
4:50	31	31	31	31
5:00	31	31	31	31
5:10	31	31	31	31
5:20	31	31	31	31
5:30	31	31	31	31
5:40	31	31	31	31
5:50	31	31	31	31
6:00	31	31	31	31
6:10	31	31	31	31
6:20	31	31	31	31
6:30	31	31	31	31
6:40	31	31	31	31
6:50	31	31	31	31
7:00	31	31	31	31
7:10	31	31	31	31
7:20	31	31	31	31
7:30	31	31	31	31
7:40	31	31	31	31
7:50	31	31	31	31
8:00	31	31	31	31
8:10	31	31	31	31
8:20	31	31	31	31
8:30	31	31	31	31
8:40	31	31	31	31
8:50	31	31	31	31
9:00	31	31	31	31
9:10	31	31	31	31
9:20	31	31	31	31
9:30	31	31	31	31
9:40	31	31	31	31
9:50	31	31	31	31
10:00	31	31	31	31
10:10	31	31	31	31
10:20	31	31	31	31
10:30	31	31	31	31
10:40	31	31	31	31
10:50	31	31	31	31
11:00	31	31	31	31
11:10	31	31	31	31
11:20	31	31	31	31
11:30	31	31	31	31
11:40	31	31	31	31
11:50	31	31	31	31
12:02	31	31	31	31
12:04	31	31	31	31
12:06	31	31	31	31
12:08	31	31	31	31
12:10	31	31	31	31
12:12	31	31	31	31
12:14	31	31	31	31
12:16	31	31	31	31
12:18	31	31	31	31
12:20	31	31	31	31
12:22	31	31	31	31
12:24	31	31	31	31
12:26	31	31	31	31
12:28	31	31	31	31
12:30	31	31	31	31
12:32	31	31	31	31
12:34	31	31	31	31
12:36	31	31	31	31
12:38	31	31	31	31
12:40	31	31	31	31
12:42	31	31	31	31
12:44	31	31	31	31
12:46	31	31	31	31
12:48	31	31	31	31
12:50	31	31	31	31
12:52	31	31	31	31
12:54	31	31	31	31
12:56	31	31	31	31
12:58	31	31	31	31
13:00	31	31	31	31
13:02	31	31	31	31
13:04	31	31	31	31
13:06	31	31	31	31
13:08	31	31	31	31
13:10	31	31	31	31
13:12	31	31	31	31
13:14	31	31	31	31
13:16	31	31	31	31
13:18	31	31	31	31
13:20	31	31	31	31
13:22	31	31	31	31
13:24	31	31	31	31
13:26	31	31	31	31
13:28	31	31	31	31
13:30	31	31	31	31
13:32	31	31	31	31
13:34	31	31	31	31
13:36	31	31	31	31
13:38	31	31	31	31
13:40	31	31	31	31
13:42	31	31	31	31
13:44	31	31	31	31
13:46	31	31	31	31
13:48	31	31	31	31
13:50	31	31	31	31
13:52	31	31	31	31
13:54	31	31	31	31
13:56	31	31	31	31
13:58	31	31	31	31
14:00	31	31	31	31
14:02	31	31	31	31
14:04	31	31	31	31
14:06	31	31	31	31
14:08	31	31	31	31
14:10	31	31	31	31
14:12	31	31	31	31
14:14	31	31	31	31
14:16	31	31	31	31
14:18	31	31	31	31
14:20	31	31	31	31
14:22	31	31	31	31
14:24	31	31	31	31
14:26	31	31	31	31
14:28	31	31	31	31
14:30	31	31	31	31
14:32	31	31	31	31
14:34	31	31	31	31
14:36	31	31	31	31
14:38	31	31	31	31
14:40	31	31	31	31
14:42	31	31	31	31
14:44	31	31	31	31
14:46	31	31	31	31
14:48	31	31	31	31
14:50	31	31	31	31
14:52	31	31	31	31
14:54	31	31	31	31
14:56	31	31	31	31
14:58	31	31	31	31
15:00	31	31	31	31
15:10	31	31	31	31
15:15	31	31	31	31
15:20	31	31	31	31
15:25	31	31	31	31
15:30	31	31	31	31
15:35	31	31	31	31
15:40	31	31	31	31
15:45	31	31	31	31
15:50	31	31	31	31
16:00	31	31	31	31
16:10	31	31	31	31
16:15	31	31	31	31
16:20	31	31	31	31
16:25	31	31	31	31
16:30	31	31	31	31
16:35	31	31	31	31
16:40	31	31	31	31
16:45	31	31	31	31
16:50	31	31	31	31
17:00	31	31	31	31
17:10	31	31	31	31
17:15	31	31	31	31
17:20	31	31	31	31
17:25	31	31	31	31
17:30	31	31	31	31
17:35	31	31	31	31
17:40	31	31	31	31
17:45	31	31	31	31
17:50	31	31	31	31
18:00	31	31	31	31
18:02	31	31	31	31
18:04	31	31	31	31
18:06	31	31	31	31
18:08	31	31	31	31
18:10	31	31	31	31
18:12	31	31	31	31
18:14	31	31	31	31
18:16	31	31	31	31
18:18	31	31	31	31
18:20	31	31	31	31
18:22	31	31	31	31
18:24	31	31	31	31
18:26	31	31	31	31
18:28	31	31	31	31
18:30	31	31	31	31
18:32	31	31	31	31
18:34	31	31	31	31
18:36	31	31	31	31
18:38	31	31	31	31
18:40	31	31	31	31
18:42	31	31	31	31
18:44	31	31	31	31
18:46	31	31	31	31
18:48	31	31	31	31
18:50	31	31	31	31
18:52	31	31	31	31
18:54	31	31	31	31
18:56	31	31	31	31
18:58	31	31	31	31
19:00	31	31	31	31
19:10	31	31	31	31
19:20	31	31	31	31
19:30	31	31	31	31
19:40	31	31	31	31
19:50	31	31	31	31
20:00	31	31	31	31
20:10	31	31	31	31
20:20	31	31	31	31
20:30	31	31	31	31
20:40	31	31	31	31
20:50	31	31	31	31
21:00	31	31	31	31
21:10	31	31	31	31
21:20	31	31	31	31
21:30	31	31	31	31
21:40	31	31	31	31
21:50	31	31	31	31
22:00	31	31	31	31
22:10	31	31	31	31
22:20	31	31	31	31
22:30	31	31	31	31
22:40	31	31	31	31
22:50	31	31	31	31
23:00	31	31	31	31
23:10	31	31	31	31
23:20	31	31	31	31
23:30	31	31	31	31
23:40	31	31	31	31
23:50	31	31	31	31
